0.923052185041788
0.6567775399706903
0.8403055220596534
0.17134203360604683
0.4887361629996405
0.43681935196035127
0.7202458270547103
0.8458899192196774
0.8581652369534722
0.8061545552645435
0.8707916557484243
0.6297042137759062
0.3462645280635346
0.08277117020807467
0.42844390333687254
0.6010679067565191
0.1536108459307115
0.7899788041718732
0.7644713194330125
0.031747085197603386
0.509588649237745
0.8542303136027657
0.8670995971146743
0.6083496624044088
0.7811077282959064
0.025318299009916223
0.3528517877742975
0.34201673585875136
0.9875870849692139
0.9960280081737611
0.5287014095289975
0.8940161782681392
0.695136010884574
0.0821166048020705
0.724551231094301
0.3192218512100924
0.5763397733915075
0.7385285337381362
0.19465229224503255
0.03512633018817357
0.016783744519882293
0.6340453016571683
0.24692896825917188
0.1609490808474764
0.025426996256354695
0.48410749504248474
0.9007781252683515
0.23956533057350127
0.36316210064585686
0.35033523365393493
0.29676111302464747
0.7543963881494035
0.24237512555800556
0.6553129216753079
0.2857097049870718
0.7840644972533406
0.1700459093295854
0.7324933072147447
0.11011799358886432
0.5995308301358923
0.5079057160658332
0.3336141064022031
0.857294497387761
0.001598467101131651
0.10539535120184784
0.14981054769564073
0.41159938609597946
0.7210766373944425
0.9246440636710576
0.0676454943882897
0.9621944747226708
0.2595661061188411
0.9214153944912737
0.5775681101215023
0.7330839492860589
0.13574048092310753
0.5719434425857252
0.4798513152710224
0.4938263129276914
0.6201612819879246
0.3428089014801624
0.7918470347497144
0.5821491022003674
0.6910795051638018
0.08948129776201652
0.5504372945217736
0.6237998135831976
0.12433992213832179
0.8388800327899719
0.024848599853415698
0.8703174415648733
0.342418783107862
0.6622837918345301
0.7075358140621697
0.09201150572001204
0.890789426484283
0.3771438961763529
0.33463086124200203
0.26128618663026426
0.18422440604633683
0.6298346029740048
0.1024906872102066
0.8405490900969815
0.4713068951313053
0.5060987180644455
0.19316810425009445
0.34929583004767273
0.8023382305476725
0.19192469333009454
0.6991677912622627
0.026563062854202624
0.1539921731477496
0.36481704329786147
0.04663932670386706
0.8277939684683456
0.7634809199183642
0.9338988773964305
0.05619783454474059
0.6992621124909648
0.15566207584787228
0.46701189115477926
0.8518518750989201
0.058551035338841095
0.308429027057758
0.143955619402945
0.9310575533955211
0.6761881427847118
0.8948922809675792
0.357234306049351
0.8427066132689105
0.7013838425247615
0.5652728230177991
0.1451564329610724
0.08489542964444663
0.4039273442367334
0.7870925284733181
0.48685849174216944
0.030610917142479988
0.3146432583538339
0.849160998158521
0.11480087248254689
0.9170084103175311
0.8384136211463046
0.2530221731789628
0.9075108557192834
0.19274556939389154
0.08662236829560188
0.8649381728002692
0.11382355665263988
0.8078756530788892
0.6299804467216986
0.8821516042512343
0.6295989961013199
0.35209203384942456
0.10804121490054197
0.8790820669697745
0.29886935503958456
0.29965575678333967
0.14831766939662594
0.9422763160081922
0.7435972930183262
0.003126041893910969
0.845764500468772
0.17734588616145697
0.5397031855716141
0.49305347830193325
0.13248915649601045
0.6767895240709505
0.6517447866346026
0.5870841570039778
0.7279084459287107
0.3745127801616549
0.9146103826000063
0.28946249185090933
0.0011678356725604022
0.08101985050283178
0.007812175122492326
0.9707091676959895
4.930478348263989E-4
0.3926683118367742
0.8064440907301408
0.3572900951287824
0.10824429592952522
0.09904009865598351
0.21259374142927157
0.9323808334542273
0.265795964217736
0.17439712983137723
0.5719759198104454
0.9513705153496115
0.47896508396800197
0.4323534848974768
0.562780677057655
0.9095380946976177
0.3625644425591463
0.4473103408707494
0.007206040589754381
0.9643726375207657
0.8117571184445052
0.4018636981122018
0.4008720512883134
0.5112990552837104
0.49824117044761096
0.10630963405293448
0.08128896388353579
0.8391087409980154
0.7808943355254192
0.5545346698668391
0.8637795587887964
0.5501849454657657
0.7933607825625593
0.029994481461422584
0.6617313988263489
0.22065028273309728
0.9251628765653406
0.9561466869025429
0.07778236109247894
0.5968543365487488
0.6482728821908313
0.39761865374799443
0.203518187181829
0.4771571120809096
0.6576811026592818
0.36155491510513094
0.8974883858599227
0.31175392691880055
0.5923480352516904
0.8230023824674884
0.6248228806509131
0.4683263120436758
0.18203057553239044
0.7038567058500946
0.5364581088336301
0.05759196952630452
0.5258228558048702
0.8718060725378675
0.8419588463908958
0.19036691025820152
0.3498544608805092
0.5938735378043888
0.6871471302445165
0.5465408169593137
0.5144405739624008
0.7785725001043795
0.6862275645435779
0.17640673655995287
0.7450791881514255
0.771354628183986
0.9778240846711392
0.5260746169345527
0.5470432424316761
0.4299429595969334
0.17531996573219089
0.7812375288690455
0.5299162326620704
0.6993074779532885
0.8641196522176267
0.7573485672875351
0.9162718757529571
0.930454123896131
0.36192727115968637
0.7293049740138083
0.8377997571839662
0.7428625265264145
0.30286332177005315
0.7900259942570084
0.13253064120586988
0.3173217743010728
0.23221772716045685
0.5548492115423034
0.7484164499009607
0.6240774561279329
0.8058638753628813
0.2874592980668176
0.5313715966137721
0.24061747131038058
0.37683497413175715
0.813102867117077
0.12998412288599492
0.09408789668996997
0.7212901475576672
0.9061311562602711
0.9844560567676413
0.6752446581856852
0.407075104798569
0.1914521658952667
0.8839349386143626
0.014010391818227164
0.8403079171069436
0.9832624087697085
0.37424877822455416
0.9811202310561151
0.3388976525492753
0.8994678721143711
0.37715967219801605
0.2860042053404802
0.676629581663023
0.5364925159874556
0.7426014390831838
0.8779680153789727
0.41742782556620905
0.9667119852654183
0.09696939094844048
0.32589800033345306
0.016632554761021878
0.32953906597492955
0.2733813576222218
0.15113023466919862
0.10460530944482949
0.3272266037977154
0.8139304597637481
0.018787679568991522
0.5877028644724951
0.007742587154528913
0.5193021573721529
0.1548033442575827
0.20263651444133535
0.8196112071118768
0.787729514717836
0.3490117247492368
0.94245998981653
0.5574028073449446
0.5331119276255165
0.4291044128478735
0.3359062382429798
0.48159452091615673
0.8012244102048084
0.14591025641649769
0.9065193770717846
0.5928127123420747
0.8132959818368539
0.9973743128740321
0.26400506160735215
0.7680072241533635
0.057837402036895025
0.6367738911371998
0.1874487987361907
0.22489653745559723
0.2244496958622516
0.16012401418649413
0.7485286191282446
0.5710619382448626
0.22744698163099908
0.748388953121739
0.9925746918040015
0.5153581122586113
0.3024781932135505
0.8520301154088145
0.9463052934423669
0.171846332175853
0.1759343182083034
0.34858503492322956
0.7532951074934826
0.7702456249051738
0.6047788137625504
0.8783860490545887
0.5517081994630464
0.5019362386538391
0.1635409551100665
0.8691912781124599
0.30355490990602585
0.17683918902023887
0.015562917003440035
0.5974149978884811
0.16070793989995114
0.34403417528022895
0.5471935755930037
0.001807629342367556
0.11014014632262614
0.5377674061766987
0.1664728445500746
0.8648509660718303
0.5793224233340649
0.35054041183613893
0.2719525065591297
0.40779710742321906
0.40244729367373044
0.10625912069951737
0.3826507941420061
0.30719412453305106
0.04911972691805533
0.008962223491496446
0.6867397681328756
0.6339058509118669
0.29938392390878443
0.7764367907796546
0.8144154670887916
0.24004667293762705
0.612430674950872
0.933067748332204
0.4695034492990655
0.6749165571531763
0.28105708139735486
0.13255753107673962
0.6647028614468763
0.7979356729740393
0.08992680992291191
0.10869081172077122
0.6969741504593416
0.8747419258148017
0.6029052221841582
0.11110822844145096
0.6724275422451498
0.09202871535081503
0.39322076255671723
0.9730928155102149
0.3441699527456563
0.10736441075739889
0.4999305968257398
0.279660733782498
0.261920574788962
0.46214913599136254
0.14514440686689678
0.4567880918795362
0.7488063776547376
0.4290282897844273
0.27868772546545806
0.9863938669852857
0.018600340599986387
0.13949666617351875
0.8303618142148194
0.3667387229530261
0.8257671635427961
0.6430905274769813
0.6446845861041972
0.8841878430263891
0.40103239966997284
0.8864799117255091
0.9489727574602185
0.7398254867420311
0.0667924492042522
0.46893641830606037
0.8628526341100418
0.5831979679496255
0.8495350283677157
0.4300669260048564
0.8957632203917122
0.04550062509762376
0.6105404220417463
0.25636665659107505
0.5987418641424014
0.4358134289146901
0.7014861868953424
0.7550601153097471
0.5377592372330826
0.36652929537848766
0.9181788645890202
0.4368616193313206
0.5380972933041414
0.7079076172022086
0.573488463676862
0.5737016445918437
0.7127399586137748
0.9367253940718804
0.8396625302340628
0.1531294563251493
0.13247303944430444
0.6402863075750741
0.12054824976398149
0.5380157087799191
0.12136676798936075
0.6645884874121132
0.10585307247675135
0.7583441535831863
0.06854017225930364
0.15423961878985992
0.3324251914532269
0.011293904638531305
0.3355840543277827
0.5217476489931212
0.5316372723038655
0.12647969506374201
0.30874475698432946
0.20510451824242915
0.777308375365054
0.46512977789846843
0.8959484873988638
0.9251189021666593
0.46520017625699617
0.965146734605924
0.8009721118606605
0.03774362417818333
0.452975584751629
0.8184091754639535
0.7205425132416107
0.4916820299697936
0.2686092846570014
0.5723378807368615
0.20487391523745857
0.8478467480761005
0.15559126917067811
0.2846621570583757
0.2981287149811189
0.7947835472307728
0.864865873569304
0.7284880732837694
0.2325137886129628
0.6029616533433247
0.5263005125158243
0.5441831035641154
0.3882011812527001
8.715603440464514E-4
0.636580089162586
0.6652559682027503
0.45098835655211655
0.027159765124302737
0.18577412745074628
0.3073251712990037
0.20058998351265633
0.5155692125059644
0.21142560747253258
0.30243286170912753
0.6446794023349592
0.0032436873408371314
0.616862019676548
0.5853753048018895
0.27727516526364504
0.017992551660636513
0.919530460970274
0.19438533089152488
0.08479369558972227
0.8964022692176333
0.7055105386755416
0.23541587541346454
0.5490665307385725
0.5122194220899375
0.9579600559151797
0.8774377717172012
0.30384669936082975
0.5532196676277782
0.10010026545683548
0.5955797021172091
0.2898052858936708
0.27481544786513357
0.5474488850341038
0.5596011233695631
0.22274633798497168
0.9799449000213662
0.7993606021474415
0.27710418665047754
0.9407439757168913
0.8273233887191519
0.6165367881433828
0.34405402688058995
0.7281331151818345
0.953927581763072
0.6290169210503007
0.42959099897562136
0.027760882460974856
0.31262212282148416
0.7982664962236836
0.42778271444967353
0.04763290529369135
0.0721266481156877
0.5173273458180943
0.04587766351936062
0.644065157443981
0.9040614848606799
0.774598214706455
0.9667858699610278
0.5206783867054684
0.9905979707622637
0.7296645125823088
0.12292722149997737
0.22104888827953928
0.1262793554774535
0.25369804853730504
0.5492505410243331
0.6125558501614239
0.8588672444207767
0.4722993017300371
0.7451421483871912
0.5599423667290225
0.21660689517723242
0.11525580870822016
0.4681056187222522
0.2693331349432194
0.20309450792937744
0.5255422681475891
0.40650887317764195
0.34692901980822666
0.9059686093378152
0.508989263594272
0.23435901754354627
0.9613252244598421
0.7619361016614394
0.8163993806437896
0.13797904127793836
0.624375710547213
0.24818330880431994
0.9414904418419492
0.022624676804656962
0.012753827908865367
0.029011029145488476
0.09089808894467721
0.25649397943690544
0.9408354000271203
0.37657194488193424
0.6365704615488958
0.9902458960180947
0.0652568015566698
0.5058772490777503
0.09624006820216069
0.8020584225626037
0.1524777206304082
0.3167791953319343
0.7042592449908338
0.6614209988506256
0.7729041311778876
0.9194246495355616
0.9329368605740244
0.9792696702931093
0.09860426586382531
0.23471429589374293
0.9036162136558376
0.817737756173214
0.0763764409603972
0.9075907148671183
0.487084711663773
0.16970880685133383
0.623904392559724
0.7485180907960444
0.03450833029232381
0.5865227044067431
0.6539623108318771
0.92730516767923
0.10293482882829053
0.3315997720732633
0.6701081247481765
0.18346193834075508
0.24351156037917898
0.6684117375114057
0.3970307027903749
0.38857000618048776
0.9059152026796083
0.8531428798869916
0.4096922455781593
0.8986852289560323
0.7790922165819354
0.8955480119662402
0.007634875052445311
0.2685807946184181
0.436260479559079
0.17592883290224792
0.6442958909087766
0.06467729336315053
0.9812242809551633
0.5618136399442536
0.06590364501705903
0.7097959921464816
0.5034058549468986
0.7548396282221198
0.9405017533005324
0.5204103911982013
0.5405990715974385
0.21650130688715163
0.1648766704314799
0.3558600362984562
0.42130148303585346
0.17084233608144284
0.22563947079794344
0.5890297738002863
0.31258340067311896
0.8628320726182808
0.9604399003299555
0.4292868695485178
0.034803484190942036
0.4630825711066545
0.8162670037596967
0.9810070272194175
0.2210825085509036
0.752725603956514
0.23401708282045486
0.8048098561025543
0.19729791886387937
0.9966830939092005
0.10198661138054876
0.16366318834469573
0.03746409233675918
0.21922907561793947
0.31567414439197294
0.5823045166287062
0.609713861838199
0.4326545192694805
0.35725159623961755
0.8259676092379841
0.06969949748435245
0.23801114383027933
0.46529236507053795
0.9131901994360242
0.18108186341757182
0.6163239933065189
0.4038198548245592
0.31751907002422486
0.04687865153089288
0.6593268643684471
0.05946654569825116
0.08421703385284818
0.3207942518080239
0.4506882272944789
0.09651082704937464
0.19061522718232848
0.7342545776735268
0.30186030961345967
0.6817845908523957
0.11254447057831574
0.822723034315449
0.07109698148920363
0.8549218305612746
0.22431659211397847
0.06397395547547735
0.3498507637936926
0.4641446962283645
0.3560174790871201
0.2513523507979992
0.887673543088096
0.7137600822817027
0.5594115217150493
0.8166501997164225
0.744908781624117
0.2767663926400876
0.8925466845091853
0.9900808868174605
0.31187816502665067
0.6144468325612027
0.8231883487717598
0.13893481687114884
0.5139286228018579
0.6145516876157752
0.6724990281544393
0.36185140109487257
0.23362077876695053
0.9106494897101348
0.3729206794208413
0.43224359218735997
0.22450290798945616
0.2774524002804639
0.6980045113980341
0.4822627970662424
0.5653294022668588
0.3103985402645364
0.03697270820215848
0.39779397034370656
0.009246209909852365
0.1925004147909205
0.7330861658897405
0.755321587669806
0.4193802210090919
0.7274448372753294
0.9824299148413934
0.2731095195572406
0.8504333283269234
0.9751565084301363
0.2985186533406712
0.17198862274494198
0.7352959197410951
0.7645141439365553
0.5881623583696769
0.5451480879905249
0.0663590146896571
0.07763429336245098
0.9553223174760963
0.8216776077992285
0.4231180267380714
0.8011147358088385
0.45222598487184207
0.6752095944816615
0.19082490266437568
0.6218557402698238
0.1307986651022104
0.2768613952824528
0.3393602580220172
0.9085545242706647
0.9125088738975424
0.6207800251945679
0.6871603134755446
0.26469396605352413
0.9910135996867145
0.7609425845746467
0.6619482284683422
0.06482397384025385
0.7095281005972294
0.1894676303668289
0.18818284874177194
0.6931601487025282
0.11363474947952312
0.25954435967289624
0.48055255448583345
0.39200085131751894
0.6702838778469099
0.5101875425751661
0.20350535777114542
0.5971904377774104
0.965028893198491
0.9853781976415406
0.6687211249834707
0.3888332954557283
0.5420770205021299
0.15675142909404005
0.4855951398484514
0.2176891052128277
0.43552602647214855
0.8568442501506428
0.35421694691166405
0.38115732706874883
0.355196120373621
0.7090179601831735
0.4959919610278408
0.817484497791378
0.936756094416083
0.9005210833214115
0.5539678412803231
0.662805146722457
0.9433804666144758
0.7867606388242858
0.6630910812396118
0.6728536560123233
0.814964851578564
0.737700704863323
0.7900342394791329
0.04966027286096897
0.500965137364193
0.8414092431294026
0.3728972379253255
0.4332721830596987
0.08421476287334484
0.5651253625559501
0.7530011546367728
0.819516009077308
0.3056146177144218
0.24082094265329412
0.8841563259023081
0.9470453552531698
0.733377622802075
0.29008212501663333
0.3292009280217396
0.2603933455332266
0.9855507961470422
0.4322374515911135
0.6092705781107228
0.9004767820146744
0.11082481403483391
0.7300116617517726
0.5581725942535122
0.2999746416767668
0.9601820744890209
0.21858457066643344
0.4524038751855567
0.8682311506265986
0.1407215771774205
0.03678756870900535
0.3367644131726575
0.9388091431082145
0.933039436084098
0.433270160315785
0.14618301085844854
0.6225467901198153
0.3748316225758377
0.7558221124356647
0.9362857325135785
0.4599468809087077
0.5659259613565849
0.5486369342278014
0.7784016081869267
0.7989547162272032
0.13373804620467522
0.18015511904039172
0.6491143641500542
0.6376569243257647
0.7131860005457792
0.0032263319099068433
0.9501326253746938
0.2661603164240728
0.24138730517292484
0.9096818140080734
0.13116579451946764
0.4178864233712868
0.8450002171147923
0.28300956876801153
0.2566558407067203
0.79774377819757
0.10686182001315758
0.7756763018120754
0.2566304939522557
0.79311665809546
0.5386126594582337
0.041742353340149085
0.03260642672613989
0.8933356952379652
0.15728826476140378
0.5407664243187166
0.5513854890502855
0.8442721064090153
0.1663963053805444
0.7955993031142938
0.5527511894412225
0.8469239472433193
0.8757868959268268
0.03451684339014627
0.521486529895917
0.17233932091197868
0.15966333382697273
0.9772443921091019
0.12979826231445268
0.4099482805798548
0.9483690335125948
0.6347760196253459
0.4431470683895188
0.19235121681943834
0.47712597974311743
0.384493767121616
0.8006468382725693
0.6468386333354568
0.27368832085852635
0.25494371657858006
0.4306103571454577
0.012393464584911529
0.15691487474554144
0.3087269603468763
0.5424831392715264
0.8306535947557306
0.8395522878710434
0.24731523138623923
0.8483206989798115
0.8702891630065444
0.08106046870906336
0.878203006636828
0.210128796873301
0.4764752884692006
0.7201004330068774
0.8826583627432106
0.3838005214982767
0.35061791272202214
0.3313442337875515
0.4014376495656633
0.6360478061156019
0.8602166746103043
0.6975551027069014
0.31617969713932936
0.3476390013437153
0.8547255031303251
0.7654257600638904
0.7457975112696349
0.5844186359133391
0.6204978955228944
0.2624512569866626
0.20003620194530536
0.016998920062392786
0.04638086163743116
0.6921519153547202
0.036468296847572024
0.5006773527991041
0.29124757819651514
0.9962515712433451
0.3525485646976457
0.08904785612796251
0.24573590456939232
0.7749543348278136
0.21095228989194637
0.24793830398861627
0.8626856212606195
0.590253134349087
0.14427234912835585
0.5607197617828975
0.9942451249144039
0.5422417631349784
0.21425224718961977
0.2716983879417406
0.718343372238411
0.004691604494517221
0.5110834296406801
0.6012135880299698
0.2632006977983231
0.13369291122131943
0.8698973738452174
0.8842313466463231
0.5457778644465083
0.521949745954109
0.7544336779191169
0.23363476056431798
0.028539707887256904
0.16135689440613532
0.7119679131715512
0.6100782344553174
0.06863607139618288
0.6977759027634096
0.5389334900348404
0.8921861774292851
0.1845794956885145
0.8144665935213156
0.31327453178893816
0.7840402816376142
0.6977254383004324
0.46441920581987484
0.7474170606795381
0.17131456843946902
0.01933757048135132
0.5868719982519339
0.8948486393970652
0.8430804788363988
